32 32
0.82 0.72 0.23 0.24 0.80 0.49 0.72 -0.23 -0.30 0.76 0.48 0.93 -0.95 -0.30 0.13 -0.77 0.29 -0.54 -0.58 -0.42 -0.52 -0.29 0.76 0.93 0.59 -0.58 -0.44 0.92 0.97 0.48 -0.09 -0.15
0.44 -0.37 -0.11 -1.00 -0.46 0.83 0.97 -0.27 0.99 -0.57 -0.89 -0.73 -0.70 -0.56 -0.64 0.44 -0.00 -0.68 0.96 0.18 0.12 0.13 0.07 -0.50 0.81 0.73 -0.07 -0.75 0.18 -0.18 -0.01 0.28
-0.37 -0.09 -0.08 0.82 0.44 -0.92 0.80 0.42 -0.48 -0.79 0.95 -0.82 -0.09 -0.14 0.71 0.43 -0.29 0.70 0.92 0.95 -0.33 0.89 0.75 -0.76 0.69 0.57 0.55 -0.99 -0.28 0.96 0.59 0.61
0.26 -0.87 0.75 -0.83 -0.36 -0.84 -0.87 0.69 0.93 0.01 -0.28 -0.15 0.68 0.19 -0.90 -0.75 0.40 -0.05 0.80 0.42 -0.01 -0.25 0.25 0.44 0.52 -0.67 -0.52 0.92 0.00 0.43 -0.24 -0.35
0.56 -0.07 0.72 0.61 -0.25 0.51 -0.64 0.11 0.99 -0.85 0.34 -0.54 0.74 0.57 0.10 0.29 0.88 -0.63 0.79 -0.56 0.42 0.23 0.48 -0.91 -0.38 0.04 0.71 0.75 0.30 0.86 -0.76 0.28
-0.33 -0.50 -0.91 0.24 -0.68 0.86 0.68 0.71 0.60 0.43 -0.63 0.61 0.80 0.87 0.36 0.15 -0.67 -0.21 0.01 0.81 0.23 -0.79 0.26 0.66 0.20 -0.98 0.83 -0.30 -0.41 0.31 -0.74 -0.50
0.81 -0.95 -0.88 0.03 0.51 0.23 -0.23 -0.07 -0.90 0.69 -0.15 -0.18 -0.17 -0.74 1.00 -0.45 -0.64 -0.90 -0.52 0.08 -0.53 0.50 0.26 0.51 0.70 0.25 -0.15 0.89 -0.98 -0.37 -0.90 -0.51
0.13 0.98 0.36 0.09 -0.25 0.49 0.55 0.91 0.79 0.73 -0.86 -0.76 0.35 0.34 -0.63 -0.44 0.35 -0.77 -0.38 -0.32 -0.05 0.86 0.01 0.86 0.50 -0.89 -0.18 0.59 -0.47 -0.36 -0.81 -0.91
-0.48 0.82 0.89 0.84 0.74 -0.93 -0.57 -0.45 0.50 0.99 -0.25 0.37 0.67 -0.68 -0.99 -0.80 0.96 -0.05 0.57 -0.00 0.15 0.81 -0.88 0.68 -0.35 0.56 0.97 -0.14 0.34 0.01 -0.65 -0.04
-0.83 0.88 0.72 -0.14 0.99 -0.90 -0.03 -0.03 -0.36 0.75 -0.09 -0.15 0.72 0.00 -0.04 -0.44 -0.43 -0.31 0.97 1.00 -0.97 0.97 -0.82 0.88 -0.54 0.74 0.90 0.85 0.30 -0.23 -0.51 -0.98
0.89 -0.02 0.44 0.22 -0.55 -0.75 -0.76 -0.12 0.28 0.05 0.53 0.54 0.85 0.88 0.63 0.06 -0.86 -0.38 0.23 -0.66 0.97 0.79 0.25 0.08 0.83 0.60 -0.76 0.32 -0.23 -0.73 -0.79 0.16
0.05 -0.64 0.62 -0.12 -0.78 0.80 0.24 0.26 0.65 -0.48 -0.91 -0.30 0.13 -0.78 0.40 0.96 -0.04 -0.21 -0.40 0.47 -0.39 -0.31 -0.64 0.04 0.48 -0.46 0.56 -0.27 -0.05 -0.11 -0.12 0.54
0.36 0.53 0.13 0.54 0.44 -0.13 0.28 0.16 -0.05 0.54 0.11 -0.14 -0.80 0.84 -0.22 0.41 -0.15 0.62 -0.03 0.91 -0.43 0.63 0.51 0.41 0.89 0.68 0.95 -0.12 -0.96 0.77 -0.52 -0.18
0.98 -0.62 0.40 -0.24 -0.20 0.57 -0.89 -0.07 0.79 -0.29 -0.72 -0.63 0.89 0.75 -0.83 0.73 -0.22 -0.86 0.84 -0.21 -0.44 -0.77 -0.48 -0.57 -0.75 0.28 -0.84 0.84 -0.43 0.17 0.04 -0.44
0.16 0.62 -0.51 -0.63 -0.58 -0.79 -0.72 -0.42 0.32 -0.13 0.75 -0.97 -1.00 0.16 0.27 0.89 0.93 -0.91 0.47 0.44 -0.91 0.64 0.23 -0.88 0.06 0.23 0.64 0.13 -0.25 0.36 -0.51 0.79
0.13 -0.97 -0.47 0.36 0.62 -0.10 0.40 -0.38 -0.10 0.10 0.69 -0.31 0.20 0.08 0.28 -0.87 -0.34 -0.15 -0.18 -0.02 -0.66 -0.11 -0.38 -0.17 0.81 0.56 0.35 -0.40 0.63 -0.13 0.65 -0.24
-0.37 -0.40 -0.84 0.32 0.67 0.32 0.82 0.77 -0.45 0.64 0.85 0.55 0.46 0.79 -0.38 -0.21 0.66 0.07 -0.34 0.94 0.73 0.73 0.73 0.72 0.35 0.80 0.57 -0.30 -0.32 -0.02 0.36 0.77
-0.09 -0.08 -0.40 -0.04 0.37 0.50 0.74 0.84 -0.33 -1.00 -0.10 0.66 -0.79 -0.87 0.18 0.94 -0.27 -0.36 -0.94 0.51 0.94 -0.37 0.51 0.69 0.95 0.68 -0.20 0.62 0.47 -0.62 0.42 -0.85
0.14 0.60 0.78 -0.84 0.87 0.05 -0.12 0.54 0.42 0.89 0.91 0.68 0.67 -0.97 0.77 0.51 0.76 -0.67 -0.05 -0.52 0.04 -0.68 -0.14 -0.31 -0.39 0.70 -0.06 -0.08 0.04 -0.62 0.00 -0.04
-0.58 0.61 -0.12 -0.69 -0.44 -0.99 -0.61 0.64 -0.47 -0.91 -0.03 -0.54 0.39 0.68 0.11 0.01 -0.23 -0.91 0.69 0.97 -0.73 0.82 0.42 0.09 0.40 0.80 0.95 -0.68 0.62 0.10 0.60 -0.36
-0.39 0.70 -0.26 -0.23 -0.20 -0.11 0.99 -0.04 0.29 -0.16 0.26 0.34 0.72 0.81 0.33 -0.40 0.90 0.46 -0.88 -0.74 0.15 -0.20 -0.99 0.95 -0.77 0.71 0.93 0.22 -0.80 -0.31 0.81 0.62
-0.45 -0.99 0.70 -0.62 0.49 -0.08 -0.22 -0.20 -0.11 0.74 -0.51 -0.13 -0.01 0.08 -0.22 0.51 0.64 -0.45 -0.95 -0.99 -0.26 -0.87 -0.49 0.88 -0.66 0.33 0.39 -0.90 -0.34 -0.64 0.22 0.71
0.45 0.18 0.73 0.23 -0.18 -0.45 -0.82 0.73 0.22 -0.57 0.58 0.30 0.33 0.96 -0.01 -0.04 0.79 0.96 0.98 0.30 0.18 -0.81 -0.52 -0.30 -0.39 -0.80 -0.73 -0.74 -0.94 -0.83 -0.50 -0.79
-0.55 -0.68 -0.65 -0.98 -0.91 -0.71 -0.28 -0.41 0.44 -0.53 0.30 -0.02 -0.87 -0.24 -0.64 -0.96 0.99 -0.16 -0.03 0.93 0.53 0.90 -0.92 -0.58 0.99 -0.80 0.83 -0.61 0.45 0.13 -0.92 0.13
-0.23 0.68 0.62 0.18 0.69 0.46 -0.90 0.92 -0.68 -0.02 -0.01 0.66 0.89 0.47 -0.54 0.18 -0.92 -0.21 0.12 0.38 -0.69 0.91 0.46 0.61 -0.83 -0.66 -0.27 -0.48 0.60 0.02 -0.26 0.23
-0.95 0.35 -0.52 0.95 0.57 0.84 -0.94 0.40 -0.13 0.82 -0.04 0.08 -0.21 -0.82 0.45 0.42 0.79 0.64 0.09 0.04 0.43 0.14 0.68 -0.20 0.78 -0.17 -0.71 0.35 0.79 0.45 -0.35 0.83
-0.12 -0.38 0.52 -0.85 -0.51 -0.48 -0.82 0.12 0.71 -0.05 0.66 0.38 -0.70 -0.45 -0.93 -0.64 0.75 0.97 0.72 -0.71 0.83 0.67 -0.58 0.32 0.62 0.59 0.18 0.52 -0.60 -0.31 -0.15 0.27
-0.20 0.20 0.98 0.64 -0.87 -0.77 -0.69 0.20 0.97 0.40 -0.34 -0.47 -0.13 -0.62 -0.93 0.04 -0.28 0.17 0.50 0.66 0.94 0.56 -0.73 0.95 0.42 -0.26 0.19 -0.50 -0.88 0.04 -0.00 -0.30
-0.37 -0.07 -0.91 0.62 -0.31 0.96 0.09 -0.16 0.49 0.68 0.73 0.97 -0.02 -0.60 0.68 0.17 -0.69 0.59 -0.89 -0.80 0.36 0.41 0.01 -0.58 0.78 -0.66 0.25 0.21 -0.16 -0.21 -0.53 0.69
-0.75 0.77 0.22 -0.20 0.15 -0.54 -0.18 0.37 0.44 -0.74 0.57 -0.93 -0.17 0.31 0.44 0.88 0.71 -0.15 0.78 0.76 -0.55 0.96 -0.73 0.74 -0.71 -0.02 0.19 0.14 -0.93 0.09 0.66 -0.01
-0.11 0.88 0.58 -0.32 0.76 0.49 -0.68 0.36 0.74 -0.39 0.39 -0.73 -0.20 0.47 -0.54 0.75 -0.55 -0.35 0.64 -0.54 0.89 -0.50 -0.90 0.70 1.00 0.48 -0.49 0.61 0.53 -0.42 0.62 -0.15
-0.05 -0.23 0.46 0.57 -0.36 -0.50 0.45 0.25 -0.48 0.81 -0.00 -0.26 0.82 0.96 -0.06 0.86 -0.14 -0.72 0.00 -0.12 0.71 -0.23 -0.14 0.65 0.82 0.39 -0.56 -0.05 -0.58 0.61 0.52 0.93